# Created by Octave 3.8.1, Tue May 08 19:42:13 2018 EEST <cse63260@opti7020ws25.vlan74.mgm>
# name: A
# type: matrix
# rows: 9
# columns: 9
 10 2 1 -1 2 0 1 1 1
 -1 15 -1 1 0 -3 0 5 2
 -2 -1 16 2 3 4 2 1 -1
 1 2 3 20 3 0 4 2 1
 -3 -2 -1 1 22 -1 5 2 2
 -1 -3 -1 1 -4 38 9 4 -1
 3 -1 1 -1 -3 1 32 7 1
 -2 4 1 -2 -4 -2 12 30 2
 -1 2 2 -1 -2 -4 6 3 42


# name: b
# type: matrix
# rows: 9
# columns: 1
 8
 2
 -17
 21
 3
 -27
 31
 7
 -36


# name: L
# type: matrix
# rows: 9
# columns: 9
 1 0 0 0 0 0 0 0 0
 -0.1 1 0 0 0 0 0 0 0
 -0.2 -0.06666666666666667 1 0 0 0 0 0 0
 0.1 0.1333333333333333 0.1875 1 0 0 0 0 0
 -0.3 -0.1333333333333333 -0.0625 0.05 1 0 0 0 0
 -0.1 -0.2 -0.0625 0.05 -0.1818181818181818 1 0 0 0
 0.3 -0.06666666666666667 0.0625 -0.05 -0.1363636363636364 0.02631578947368421 1 0 0
 -0.2 0.2666666666666667 0.0625 -0.1 -0.1818181818181818 -0.05263157894736842 0.375 1 0
 -0.1 0.1333333333333333 0.125 -0.05 -0.09090909090909091 -0.1052631578947368 0.1875 0.1 1


# name: U
# type: matrix
# rows: 9
# columns: 9
 10 2 1 -1 2 0 1 1 1
 0 15 -1 1 0 -3 0 5 2
 0 0 16 2 3 4 2 1 -1
 0 0 0 20 3 0 4 2 1
 0 0 0 0 22 -1 5 2 2
 0 0 0 0 0 38 9 4 -1
 0 0 0 0 0 0 32 7 1
 0 0 0 0 0 0 0 30 2
 0 0 0 0 0 0 0 0 42


# name: y
# type: matrix
# rows: 9
# columns: 1
 8
 2.8
 -15.21333333333333
 22.67916666666667
 3.688541666666667
 -27.05414772727273
 32.08639254385965
 -1.713572443181816
 -40.89503274521531


# name: x
# type: matrix
# rows: 9
# columns: 1
 1.00051681503054
 -0.01547612604022556
 -1.013397033080474
 0.9791207264113838
 -0.02361165275112659
 -0.9826794326797537
 1.031422753657789
 0.007793668949836788
 -0.9736912558384597


