# Created by Octave 3.8.1, Wed May 09 19:19:09 2018 EEST <cse63260@hp6000ws16.vlan74.mgm>
# name: A
# type: matrix
# rows: 6
# columns: 6
 4 1 0 0 0 1
 1 4 1 0 0 0
 0 1 4 1 0 0
 0 0 1 4 1 0
 0 0 0 1 4 1
 1 0 0 0 1 4


# name: b
# type: matrix
# rows: 6
# columns: 1
 3
 0
 -3
 3
 0
 -3


# name: L
# type: matrix
# rows: 6
# columns: 6
 1 0 0 0 0 0
 0.25 1 0 0 0 0
 0 0.25 1 0 0 0
 0 0 0.25 1 0 0
 0 0 0 0.25 1 0
 0.25 0 0 0 0.25 1


# name: U
# type: matrix
# rows: 6
# columns: 6
 4 1 0 0 0 1
 0 4 1 0 0 0
 0 0 4 1 0 0
 0 0 0 4 1 0
 0 0 0 0 4 1
 0 0 0 0 0 4


# name: y
# type: matrix
# rows: 6
# columns: 1
 3
 -0.75
 -2.8125
 3.703125
 -0.92578125
 -3.5185546875


# name: x
# type: matrix
# rows: 6
# columns: 1
 0.9583289623260498
 0.04632282257080078
 -0.9352912902832031
 0.9286651611328125
 -0.01153564453125
 -0.879638671875


